2 0 60
2 1 70
3 0 60
3 1 20
4 2 90
4 1 60
5 3 10
5 1 10
6 3 70
6 1 90
7 2 80
7 5 10
8 0 40
8 1 30
9 3 50
9 0 90
10 5 40
10 3 90
11 3 100
11 2 70
12 2 100
12 7 20
13 10 10
13 6 90
14 6 100
14 9 40
15 1 100
15 14 20
17 8 80
17 15 50
16 10 80
16 7 50
19 0 90
19 1 10
18 0 100
18 8 20
21 18 60
21 10 40
20 7 40
20 11 100
23 18 100
23 19 50
22 6 90
22 10 20
25 2 40
25 15 70
24 23 60
24 18 100
27 23 20
27 8 20
26 16 30
26 22 30
29 6 40
29 10 70
28 18 50
28 15 20
31 14 70
31 25 100
30 2 60
30 20 30
34 25 90
34 12 60
35 19 40
35 12 90
32 13 70
32 22 50
33 1 40
33 28 90
38 1 10
38 24 50
39 7 70
39 14 10
36 25 30
36 7 20
37 36 40
37 16 60
42 34 40
42 15 30
43 31 80
43 25 100
40 17 30
40 18 30
41 12 80
41 0 90
46 39 80
46 3 70
47 38 60
47 23 70
44 17 70
44 2 50
45 34 60
45 25 40
51 0 40
51 31 20
50 31 20
50 20 10
49 37 30
49 25 50
48 22 40
48 50 40
55 25 90
55 41 50
54 14 20
54 26 10
53 33 20
53 1 10
52 45 40
52 17 100
59 42 50
59 1 20
58 45 50
58 25 80
57 5 100
57 13 40
56 25 80
56 31 100
63 2 90
63 41 40
62 58 20
62 35 100
61 12 60
61 9 80
60 44 60
60 30 50
68 41 10
68 36 60
69 7 10
69 2 50
70 55 90
70 44 50
71 17 40
71 8 70
64 12 60
64 7 40
65 18 10
65 35 100
66 36 80
66 58 10
67 70 100
67 34 40
76 5 30
76 3 60
77 32 60
77 59 90
78 58 90
78 2 40
79 10 70
79 13 90
72 41 60
72 11 40
73 31 80
73 20 40
74 67 80
74 42 60
75 55 50
75 70 100
85 15 30
85 33 100
84 6 90
84 10 70
87 43 80
87 67 30
86 10 80
86 37 50
81 1 60
81 49 100
80 26 40
80 79 100
83 35 100
83 21 90
82 3 60
82 48 60
93 64 90
93 70 100
92 58 40
92 4 20
95 66 60
95 82 90
94 84 100
94 87 40
89 17 70
89 83 50
88 48 80
88 75 100
91 0 80
91 10 80
90 58 60
90 44 30
98 25 50
98 50 50
99 79 60
99 91 50
96 12 70
96 93 100
97 40 20
97 35 30
0 29 70
0 27 70
1 43 50
1 99 80
